10558.269510452088
14.041666666666666
10571.591409063501
14.041666666666666
10481.683249641046
14.041666666666666
10531.627981802532
14.041666666666666
10788.178937546996
14.041666666666666
10155.636078294343
14.041666666666666
10195.536348460819
14.041666666666666
10208.837908524436
14.041666666666666
10262.051519329945
14.041666666666666
10491.671348741975
14.041666666666666
10674.861856246154
14.041666666666666
10135.688419088083
14.041666666666666
10301.969488036548
14.041666666666666
10451.721489149939
14.041666666666666
